([0.05057806286860257, 0.9808], 'relu', 3, 63, 'softmax', 0.8820078302406595)
([0.09261913940131665, 0.9670400000190735], 'relu', 2, 40, 'softmax', 0.8505377974905219)
([0.044032739290804604, 0.98528], 'relu', 6, 48, 'softmax', 0.9086570287932932)
([0.05419464934207499, 0.9785600000190735], 'relu', 6, 38, 'softmax', 0.8754727185936857)
([0.058812296365857476, 0.98272], 'relu', 5, 46, 'softmax', 0.9110217538075485)
([0.06739028987243771, 0.97568], 'relu', 6, 10, 'softmax', 0.8711011548515232)
([0.062175485741198064, 0.9744000000190735], 'relu', 7, 35, 'softmax', 0.8725567283635083)
([0.03818424185634125, 0.98688], 'relu', 7, 54, 'softmax', 0.8872082581767163)
([0.06144650562018156, 0.976], 'relu', 5, 50, 'softmax', 0.8813763618545462)
([0.12859178998589516, 0.9555200000190734], 'relu', 4, 8, 'softmax', 0.8298900840554131)
([0.0393831365501415, 0.98624], 'relu', 3, 55, 'softmax', 0.9076926450511539)
([0.06502963362962008, 0.97728], 'relu', 3, 25, 'softmax', 0.8781354330542077)
([0.07745257597774267, 0.97664], 'relu', 3, 53, 'softmax', 0.8542753595673901)
([0.1208016035574302, 0.9702400000381469], 'relu', 7, 51, 'softmax', 0.8402118619296153)
([0.050873597121313216, 0.97952], 'relu', 7, 34, 'softmax', 0.8694487437147873)
([0.04788243125945679, 0.98464], 'relu', 4, 37, 'softmax', 0.9014229430752079)
([0.49648364281654356, 0.7382400001144409], 'relu', 6, 3, 'softmax', 0.36708084421420556)
([0.13138607162475585, 0.953280000038147], 'relu', 2, 20, 'softmax', 0.8209334589145708)
([1.3956184910583496, 0.00704], 'relu', 2, 1, 'softmax', 0.0034953924372418178)
([0.18754461505889894, 0.930880000038147], 'relu', 1, 37, 'softmax', 0.7699834166709258)
([0.20071773458480835, 0.9206400000381469], 'relu', 1, 20, 'softmax', 0.7495339471006882)
([0.19202721920967103, 0.921920000038147], 'relu', 1, 20, 'softmax', 0.7523849227514063)
([0.05610641520883888, 0.97728], 'relu', 6, 48, 'softmax', 0.8814361507912002)
([0.8287458538627624, 0.6089600001335144], 'relu', 2, 1, 'softmax', 0.28286243108650977)
([0.041450605880618094, 0.98528], 'relu', 4, 52, 'softmax', 0.9008135176300924)
([0.048380926023405046, 0.98048], 'relu', 7, 49, 'softmax', 0.8993915886602065)
([0.04544129673017189, 0.98176], 'relu', 5, 45, 'softmax', 0.8916735585368574)
([0.08268758624136448, 0.9689600000190735], 'relu', 2, 56, 'softmax', 0.8478116702405325)
([0.04017763738578185, 0.98688], 'relu', 7, 51, 'softmax', 0.9085307914142549)
([0.05730836814641953, 0.97952], 'relu', 3, 48, 'softmax', 0.8868398447699504)
([0.1252466279363632, 0.9545600000190735], 'relu', 1, 58, 'softmax', 0.8094167773062195)
([0.09335232935070992, 0.9683200000190735], 'relu', 3, 12, 'softmax', 0.8412712816059582)
([0.047058550296723844, 0.9808], 'relu', 6, 38, 'softmax', 0.8940863202408631)
([1.3908014379119873, 0.00704], 'relu', 7, 2, 'softmax', 0.0034953924372418178)
([0.04406348859174177, 0.98336], 'relu', 6, 34, 'softmax', 0.894085090254225)
([0.03953587304267101, 0.9856], 'relu', 4, 60, 'softmax', 0.9090375811972159)
([0.6183707968521118, 0.7888000000953674], 'relu', 1, 4, 'softmax', 0.5962831541777578)
([0.046676329584755004, 0.9824], 'relu', 3, 43, 'softmax', 0.8856076507431552)
([0.0442456571258232, 0.98304], 'relu', 6, 56, 'softmax', 0.8886125288024636)
([0.07910593299478293, 0.96928], 'relu', 4, 12, 'softmax', 0.860752964951083)
([0.23268778997063636, 0.9491200000190735], 'relu', 7, 30, 'softmax', 0.7961509391471749)
([0.22273277735710145, 0.917120000038147], 'relu', 1, 19, 'softmax', 0.7435508385997205)
([0.4219200576210022, 0.8230400000572204], 'relu', 2, 5, 'softmax', 0.6423636409145652)
([0.07013391980051994, 0.97536], 'relu', 5, 24, 'softmax', 0.872949804904578)
([0.05364258335540071, 0.9788800000190735], 'relu', 7, 39, 'softmax', 0.8884842404555608)
([0.049024740045298824, 0.98432], 'relu', 5, 58, 'softmax', 0.8989243887921191)
([0.06921038923064247, 0.9795200000190735], 'relu', 3, 40, 'softmax', 0.8686546676436625)
([0.29109481298446654, 0.90496], 'relu', 7, 7, 'softmax', 0.7333172575836672)
([0.07146237761437893, 0.9708800000190735], 'relu', 4, 16, 'softmax', 0.8574729249579583)
([0.03605728718359722, 0.98752], 'relu', 5, 59, 'softmax', 0.9097222096106711)
([0.5348335880470276, 0.7740800000953675], 'relu', 6, 5, 'softmax', 0.546483878938598)
([0.032088767712123226, 0.99072], 'relu', 5, 52, 'softmax', 0.9332053662241357)
([0.051611533419168555, 0.98112], 'relu', 4, 50, 'softmax', 0.8935808669645514)
([0.04408113167872652, 0.98272], 'relu', 7, 33, 'softmax', 0.902325758241689)
([0.20209789434685313, 0.95264], 'relu', 4, 57, 'softmax', 0.8045224968378841)
([0.04916475634157192, 0.98016], 'relu', 3, 53, 'softmax', 0.892483689650629)
([0.23123172947883605, 0.9120000000572205], 'relu', 1, 23, 'softmax', 0.7380455185411645)
([0.08162942352294922, 0.9702400000190735], 'relu', 3, 14, 'softmax', 0.8486753030235921)
([0.08347795508950949, 0.9715200000190735], 'relu', 7, 14, 'softmax', 0.8458383179948015)
([0.19968594720840455, 0.930560000038147], 'relu', 2, 7, 'softmax', 0.7705565401225296)
([0.10154185133814812, 0.9632000000190735], 'relu', 5, 11, 'softmax', 0.828450102911726)
([0.03786230215018615, 0.9856], 'relu', 4, 40, 'softmax', 0.9119920107327809)
([0.07886883367144969, 0.9750400000190735], 'relu', 3, 53, 'softmax', 0.8749057408164538)
([0.059207638796046375, 0.9760000000190735], 'relu', 5, 15, 'softmax', 0.8800850835928098)
([0.1510975653630495, 0.9504], 'relu', 6, 14, 'softmax', 0.802547738633374)
([1.3936158021926879, 0.00704], 'relu', 2, 1, 'softmax', 0.0034953924372418178)
([0.05467803886502981, 0.9795200000190735], 'relu', 2, 60, 'softmax', 0.8789594091939623)
([0.04317630747636315, 0.98432], 'relu', 5, 39, 'softmax', 0.8977069235853479)
([0.18196710053920745, 0.9289600000190735], 'relu', 1, 16, 'softmax', 0.7582790867398361)
([0.1247739073753357, 0.9532800000190735], 'relu', 1, 59, 'softmax', 0.8064934138898557)
