([0.5796516848182678, 0.665920000114441], 'relu', 1, 3, 'softmax', 0.5873128378097665)
([0.08806578919827007, 0.9683200000190735], 'relu', 3, 22, 'softmax', 0.8732087350144874)
([0.18151836831092835, 0.9296000000190735], 'relu', 1, 21, 'softmax', 0.7907317589354109)
([0.05558847976222634, 0.97728], 'relu', 3, 58, 'softmax', 0.9084564772428847)
([0.13016865067481995, 0.9488000000190735], 'relu', 1, 35, 'softmax', 0.8213889920908659)
([0.06615893636240625, 0.97856], 'relu', 3, 39, 'softmax', 0.9086384232951786)
([0.07324986659258605, 0.97248], 'relu', 7, 30, 'softmax', 0.8938639729547124)
([0.15066871166706086, 0.9420800000190734], 'relu', 2, 8, 'softmax', 0.8150615579602072)
([0.06577209555722772, 0.9731200000190735], 'relu', 2, 35, 'softmax', 0.8966638429635567)
([0.0875743283729651, 0.9724800000190735], 'relu', 3, 40, 'softmax', 0.8955462491659649)
([0.5991692538928985, 0.7052800000953674], 'relu', 7, 5, 'softmax', 0.5521298206084474)
([0.24612603784561157, 0.8995200000190735], 'relu', 2, 7, 'softmax', 0.7571459531205026)
([0.07168780748868361, 0.97664], 'relu', 5, 29, 'softmax', 0.8994985190848479)
([0.049640640025138856, 0.98016], 'relu', 4, 29, 'softmax', 0.9178566227666314)
([0.11625397632837295, 0.9558400000190734], 'relu', 2, 16, 'softmax', 0.8409657512177274)
([0.06651319673135876, 0.97792], 'relu', 6, 41, 'softmax', 0.9074508925579068)
([0.12810093278884888, 0.9494400000190735], 'relu', 1, 41, 'softmax', 0.8227570331054794)
([0.04326958069607616, 0.9824], 'relu', 6, 56, 'softmax', 0.9290161083718171)
([0.12805400063097477, 0.9536000000190735], 'relu', 3, 11, 'softmax', 0.844539189211939)
([0.08429192773140967, 0.970880000038147], 'relu', 4, 20, 'softmax', 0.8904563698484584)
([0.08773456663763617, 0.97568], 'relu', 3, 62, 'softmax', 0.892399394884238)
([0.23453020161151886, 0.916800000038147], 'relu', 6, 5, 'softmax', 0.7660719923910397)
([1.3551037691116332, 0.09568000000596047], 'relu', 7, 3, 'softmax', 0.0436623831775701)
([1.3556185386657715, 0.09568000000596047], 'relu', 5, 1, 'softmax', 0.0436623831775701)
([0.08984900918491184, 0.9696000000190735], 'relu', 3, 21, 'softmax', 0.8864796341853205)
([0.05786202968474478, 0.9753600000190735], 'relu', 4, 58, 'softmax', 0.9043630758928441)
([0.05175423058927059, 0.9808], 'relu', 3, 29, 'softmax', 0.9070995008563371)
([0.1642816597366333, 0.9392000000190734], 'relu', 1, 40, 'softmax', 0.8093347327483487)
([0.1294427702331543, 0.9494400000190735], 'relu', 1, 51, 'softmax', 0.8272903766895848)
([0.03338349860773422, 0.9872], 'relu', 4, 58, 'softmax', 0.9391875028362642)
([0.7299588722419739, 0.7190400000572205], 'relu', 2, 1, 'softmax', 0.4114816708642559)
([0.08603067703843116, 0.9667200000190734], 'relu', 5, 12, 'softmax', 0.882136974629935)
([0.06584832315834473, 0.9776], 'relu', 3, 46, 'softmax', 0.9069826016780196)
([0.8204487613677979, 0.8329600000572205], 'relu', 5, 3, 'softmax', 0.5541321478686771)
([0.07498472858831287, 0.971520000038147], 'relu', 2, 31, 'softmax', 0.8749865632169688)
([0.11104959616480395, 0.9747200000190734], 'relu', 5, 63, 'softmax', 0.9108597620692178)
([0.06440623763948679, 0.9760000000190735], 'relu', 5, 28, 'softmax', 0.8967078202592355)
([0.10894202506757342, 0.9651200000190735], 'relu', 3, 24, 'softmax', 0.85509442122727)
([0.5750481407737732, 0.8448000000572204], 'relu', 4, 4, 'softmax', 0.6765664205205746)
([1.3555984850692748, 0.09568000000596047], 'relu', 2, 2, 'softmax', 0.0436623831775701)
([0.3594857785511017, 0.8400000000762939], 'relu', 7, 5, 'softmax', 0.6011375893900034)
([0.04472043876818847, 0.98304], 'relu', 4, 26, 'softmax', 0.9212028104294675)
([0.14875462089538574, 0.9404800000190735], 'relu', 1, 24, 'softmax', 0.8065071197502346)
([0.06197307089805603, 0.9731200000190735], 'relu', 7, 60, 'softmax', 0.9001933680596883)
([0.11718144606284797, 0.9635200000190735], 'relu', 5, 15, 'softmax', 0.848365798254375)
([0.1563747215795517, 0.9334400000572205], 'relu', 1, 28, 'softmax', 0.7906643660375816)
([0.2575449850273132, 0.899840000038147], 'relu', 1, 9, 'softmax', 0.7499604439645668)
([0.05545493896359345, 0.97952], 'relu', 5, 26, 'softmax', 0.9126933143482776)
([0.18946670994758605, 0.9273600000190735], 'relu', 1, 11, 'softmax', 0.7873831547654965)
([0.0493152272413671, 0.98208], 'relu', 6, 18, 'softmax', 0.9253817790005191)
([0.05204153351293877, 0.98496], 'relu', 7, 30, 'softmax', 0.9330081639727481)
([0.14081423990249634, 0.9427200000381469], 'relu', 1, 39, 'softmax', 0.8081907528284888)
([0.5245748699188233, 0.782080000076294], 'relu', 1, 3, 'softmax', 0.6317871168860154)
([0.6854450680923462, 0.7244800000572205], 'relu', 5, 3, 'softmax', 0.5305171061456445)
([0.16261995553016662, 0.9376000000190735], 'relu', 1, 26, 'softmax', 0.8058187142415563)
([0.12442970754146576, 0.9484800000190735], 'relu', 1, 47, 'softmax', 0.8258550516572096)
([0.12046919642448425, 0.9529600000190734], 'relu', 1, 57, 'softmax', 0.8331158781843956)
([0.0488943535772711, 0.984], 'relu', 6, 54, 'softmax', 0.9082385781812756)
([0.07185811232469975, 0.9712000000190735], 'relu', 2, 24, 'softmax', 0.8977198091530616)
([0.050267741557210685, 0.98048], 'relu', 7, 50, 'softmax', 0.9345715971328847)
([0.04231830542854965, 0.98464], 'relu', 4, 37, 'softmax', 0.9280184838950397)
([0.051860188744030894, 0.97952], 'relu', 4, 26, 'softmax', 0.9184778294736431)
([0.8215772605133057, 0.6192000000095368], 'relu', 6, 3, 'softmax', 0.43279969375504196)
([0.06020329825071618, 0.97984], 'relu', 4, 50, 'softmax', 0.9171205947620753)
([0.12381299754142762, 0.9516800000190735], 'relu', 1, 54, 'softmax', 0.8300969072962089)
([0.14038561184883117, 0.9436800000190735], 'relu', 1, 29, 'softmax', 0.8075646541632231)
([0.10765896445035934, 0.9580800000190735], 'relu', 2, 16, 'softmax', 0.8433818034352116)
([0.08714089150886983, 0.9724800000190735], 'relu', 4, 21, 'softmax', 0.8747601280444581)
([0.05691247154224664, 0.97824], 'relu', 5, 28, 'softmax', 0.8960518284252015)
([0.06968657381206751, 0.97504], 'relu', 7, 44, 'softmax', 0.8853304005043624)
