([0.09299777369567332, 0.9669392108069677], 'relu', 4, 21, 'softmax', 0.8451887586106397)
([0.47492819708244594, 0.8044792035064195], 'relu', 4, 5, 'softmax', 0.6384623141451697)
([0.08222495984339084, 0.9655172413793104], 'relu', 2, 47, 'softmax', 0.84811178160793)
([0.1984290454249963, 0.9242801279772485], 'relu', 2, 7, 'softmax', 0.7743761396593589)
([0.04404562209095228, 0.982580874511198], 'relu', 3, 43, 'softmax', 0.9043768882355078)
([0.1823280088024441, 0.9242801279772485], 'relu', 1, 24, 'softmax', 0.7649961455408814)
([0.6364958410029135, 0.7813722003069883], 'relu', 5, 4, 'softmax', 0.47913611173447923)
([0.050080459191403526, 0.9811589050835408], 'relu', 7, 50, 'softmax', 0.903003754250186)
([0.06063696516301945, 0.9761820120867402], 'relu', 5, 23, 'softmax', 0.876604080735845)
([0.0871274372333091, 0.9648062566654817], 'relu', 2, 24, 'softmax', 0.8441245734860898)
([0.04965591133051563, 0.9786704585851405], 'relu', 5, 40, 'softmax', 0.8849050862349735)
([0.041203366842322404, 0.9836473515819409], 'relu', 4, 63, 'softmax', 0.9135048223728508)
([0.2709565943314264, 0.9025950942054746], 'relu', 5, 6, 'softmax', 0.7399675220250808)
([0.20380702564327946, 0.9214361891219339], 'relu', 1, 45, 'softmax', 0.7594096547247864)
([0.15465787975739992, 0.9377888375399929], 'relu', 1, 57, 'softmax', 0.7852402499461323)
([0.2537311914330895, 0.8972627088517597], 'relu', 1, 9, 'softmax', 0.7265890399202248)
([0.07080628240104293, 0.9708496267330252], 'relu', 3, 31, 'softmax', 0.8818731772505968)
([1.3956114757624631, 0.007820831852115179], 'relu', 5, 2, 'softmax', 0.0038800705467372134)
([0.16771660827996174, 0.9338784216139353], 'relu', 1, 61, 'softmax', 0.779723388925025)
([0.10043797638592811, 0.9559189477426235], 'relu', 6, 8, 'softmax', 0.8229941366396529)
([0.6608262870856718, 0.6299324567276432], 'relu', 7, 3, 'softmax', 0.2541501859325762)
([0.06990576329554508, 0.9754710273729115], 'relu', 7, 28, 'softmax', 0.8709273163320409)
([0.17443223101581215, 0.9296125133309634], 'relu', 1, 38, 'softmax', 0.7695820320996423)
([0.04106752667119032, 0.9836473515819409], 'relu', 6, 51, 'softmax', 0.8902722844663312)
([0.04981163989865532, 0.9804479203697121], 'relu', 6, 26, 'softmax', 0.9101884682888939)
([0.7643780335810445, 0.6192676854481105], 'relu', 3, 3, 'softmax', 0.30914371949630765)
([0.041780708834056185, 0.9857803057234269], 'relu', 6, 48, 'softmax', 0.912996117079642)
([0.056875718691391894, 0.9765375044436545], 'relu', 5, 55, 'softmax', 0.8826075572064878)
([0.1062865119817318, 0.9601848560255954], 'relu', 2, 47, 'softmax', 0.8221499865771367)
([0.048906581447814075, 0.9811589050835408], 'relu', 7, 43, 'softmax', 0.8912714642427961)
([0.05005425453318249, 0.9818698897973693], 'relu', 3, 57, 'softmax', 0.8985204861672527)
([0.3886505647052915, 0.8421613935300392], 'relu', 1, 5, 'softmax', 0.6535878864492618)
([0.1266328026468361, 0.9505865623889086], 'relu', 5, 9, 'softmax', 0.8190567755124012)
([0.33190435679663216, 0.8677568432278706], 'relu', 1, 7, 'softmax', 0.6881627386773645)
([0.19825687482317403, 0.919303234980448], 'relu', 1, 51, 'softmax', 0.7592933826368482)
([0.22088983215966387, 0.913970849626733], 'relu', 1, 22, 'softmax', 0.750345445942417)
([0.17314803440036391, 0.9285460362602204], 'relu', 1, 26, 'softmax', 0.7667050103945225)
([0.17809528897794866, 0.931389975115535], 'relu', 5, 7, 'softmax', 0.7998123278055367)
([0.09258153065998115, 0.965161749022396], 'relu', 7, 17, 'softmax', 0.8402564650462966)
([0.049109548807811446, 0.9829363668681124], 'relu', 6, 57, 'softmax', 0.896603050575161)
([0.1273073097042441, 0.9548524706718805], 'relu', 7, 7, 'softmax', 0.8246470318640986)
([0.06141949614458602, 0.9751155350159971], 'relu', 4, 31, 'softmax', 0.8790509568256959)
([0.16244844777673123, 0.9374333451830785], 'relu', 1, 37, 'softmax', 0.7838875790822428)
([0.0748315409690863, 0.9736935655883399], 'relu', 6, 30, 'softmax', 0.8782185042318869)
([0.05703647874739478, 0.9747600426590828], 'relu', 3, 35, 'softmax', 0.8779015012839348)
([0.07673377433249493, 0.9680056878777106], 'relu', 5, 32, 'softmax', 0.8697670157616144)
([0.059284636785903816, 0.9768929968005687], 'relu', 2, 38, 'softmax', 0.8724157054610815)
([0.05659340938054085, 0.9811589050835408], 'relu', 7, 26, 'softmax', 0.8958782929576325)
([0.18586284979393886, 0.9207252044081052], 'relu', 1, 29, 'softmax', 0.7561045499169052)
([1.3884161679379423, 0.007820831852115179], 'relu', 7, 3, 'softmax', 0.0038800705467372134)
([0.11016608915769555, 0.9566299324564522], 'relu', 2, 33, 'softmax', 0.8253383020029013)
([0.03657135122661499, 0.9868467827941699], 'relu', 5, 56, 'softmax', 0.9251497644069724)
([0.045717126751967214, 0.982580874511198], 'relu', 6, 44, 'softmax', 0.8955285815966962)
([0.06944342665470912, 0.9712051190899396], 'relu', 3, 17, 'softmax', 0.8621432056359098)
([0.06050883310128734, 0.9829363668681124], 'relu', 7, 57, 'softmax', 0.8907166675056303)
([0.13371928512257644, 0.9505865623889086], 'relu', 2, 15, 'softmax', 0.8042037342271294)
([0.036048689077429995, 0.9872022751510843], 'relu', 7, 38, 'softmax', 0.9204756536771366)
([0.06748842752045035, 0.9708496267330252], 'relu', 6, 51, 'softmax', 0.8682463765320863)
([0.06116680137991383, 0.9786704585851405], 'relu', 4, 51, 'softmax', 0.880379125326642)
([0.17092903279373273, 0.9480981156998074], 'relu', 5, 26, 'softmax', 0.7947900467472544)
([0.041838800575560074, 0.9829363668681124], 'relu', 5, 51, 'softmax', 0.9150691737555161)
([0.06735981770378321, 0.9797369356558834], 'relu', 7, 55, 'softmax', 0.8799363547968624)
([0.10356444043815559, 0.9584073942410238], 'relu', 2, 29, 'softmax', 0.8271619008753334)
([0.1178128332531356, 0.9633842872378244], 'relu', 4, 11, 'softmax', 0.8331564185783864)
([0.07410446166369153, 0.9779594738713118], 'relu', 5, 20, 'softmax', 0.8617221835160325)
([0.08403837697892001, 0.966228226093139], 'relu', 5, 16, 'softmax', 0.8435620449205685)
([0.05882278732161078, 0.9715606114468539], 'relu', 5, 56, 'softmax', 0.8685680186298602)
([0.0788439503101448, 0.9722715961606826], 'relu', 6, 11, 'softmax', 0.8533509541926428)
([0.04068985992049834, 0.984713828652684], 'relu', 5, 35, 'softmax', 0.9101858726541898)
([0.05222986281228316, 0.9779594738713118], 'relu', 4, 32, 'softmax', 0.8792640314841783)
