([4.029523849487305, 0.75], 'relu', 13, 1, 'linear', 0.0)
([0.26125566609504314, 0.07184], 'relu', 13, 23, 'linear', 0.0)
([0.20733606293367302, 0.19408], 'relu', 10, 19, 'linear', 0.0)
([0.47661147696838874, 0.34432], 'relu', 8, 8, 'linear', 0.0)
([4.029523849487305, 0.75], 'relu', 15, 5, 'linear', 0.0)
([0.2748927658282353, 0.0488], 'relu', 8, 23, 'linear', 0.0)
([0.17638885750981703, 0.52952], 'relu', 15, 4, 'linear', 0.0)
([0.147177288236686, 0.08848], 'relu', 1, 29, 'linear', 0.0)
([0.1871897111469467, 0.07584], 'relu', 3, 10, 'linear', 0.0)
([0.4257149496447832, 0.20864], 'relu', 11, 28, 'linear', 0.0)
([4.17305354812622, 0.11], 'relu', 6, 27, 'linear', 0.0)
([0.1600154626915336, 0.05968], 'relu', 6, 28, 'linear', 0.0)
([4.029523849487305, 0.75], 'relu', 11, 1, 'linear', 0.0)
([0.18486170390854292, 0.12832], 'relu', 6, 7, 'linear', 0.0)
([0.4790384395812186, 0.06272], 'relu', 4, 26, 'linear', 0.0)
([0.25888935223847803, 0.14488], 'relu', 3, 17, 'linear', 0.0)
([0.22696503240724256, 0.38376000002145766], 'relu', 5, 10, 'linear', 0.0)
([0.12215685443263972, 0.13344], 'relu', 9, 25, 'linear', 0.0)
([0.14623444629543852, 0.06008], 'relu', 1, 11, 'linear', 0.0)
([0.08847023474369138, 0.38168], 'relu', 9, 25, 'linear', 0.0)
([0.13134431446773137, 0.3192800000011921], 'relu', 11, 16, 'linear', 0.0)
([0.5527709998678095, 0.22168], 'relu', 2, 8, 'linear', 0.0)
([0.24031351608466853, 0.309120000038147], 'relu', 2, 6, 'linear', 0.0)
([0.18162646440177269, 0.6055999999713898], 'relu', 14, 5, 'linear', 0.0)
([3.779056996459961, 0.21656000004291534], 'relu', 8, 4, 'linear', 0.0)
([0.2171809300057267, 0.3064000000119209], 'relu', 13, 16, 'linear', 0.0)
([0.1616504343692003, 0.23576], 'relu', 15, 10, 'linear', 0.0)
([0.4415112346607177, 0.08872], 'relu', 10, 27, 'linear', 0.0)
([0.10405112810180936, 0.17496], 'relu', 1, 8, 'linear', 0.0)
([0.39744756376043733, 0.13008], 'relu', 6, 23, 'linear', 0.0)
