([0.03918147402366332, 0.98496], 'selu', 7, 7, 'softmax', 0.0001)
([0.08271573303026335, 0.96728], 'selu', 9, 173, 'softmax', 0.0001)
([0.04838582560366498, 0.97832], 'selu', 1, 185, 'softmax', 0.0001)
([0.06399413499469656, 0.97552], 'selu', 8, 224, 'softmax', 0.0001)
([0.03417484616040294, 0.98472], 'selu', 9, 161, 'softmax', 0.0001)
([0.04922867815297845, 0.97776], 'selu', 15, 188, 'softmax', 0.0001)
([0.060761261628574995, 0.97296], 'selu', 11, 223, 'softmax', 0.0001)
([0.1586151259900909, 0.9592], 'selu', 4, 247, 'softmax', 0.0001)
([0.045756005517664, 0.97992], 'selu', 10, 168, 'softmax', 0.0001)
([0.0737759836414721, 0.96968], 'selu', 12, 249, 'softmax', 0.0001)
([0.04038936209050938, 0.9832], 'selu', 0, 196, 'softmax', 0.0001)
([0.08986447377995437, 0.96216], 'selu', 9, 77, 'softmax', 0.0001)
([0.10592927792885877, 0.96032], 'selu', 6, 67, 'softmax', 0.0001)
([0.05464273615162593, 0.97952], 'selu', 7, 111, 'softmax', 0.0001)
([0.10391156626404469, 0.968], 'selu', 4, 98, 'softmax', 0.0001)
([0.040025977543154075, 0.9808], 'selu', 1, 133, 'softmax', 0.0001)
([0.08444537369127272, 0.96288], 'selu', 9, 30, 'softmax', 0.0001)
([0.029734716332252102, 0.98872], 'selu', 2, 12, 'softmax', 0.0001)
([0.05087854158415339, 0.9812], 'selu', 14, 56, 'softmax', 0.0001)
([0.04466167267425422, 0.98328], 'selu', 14, 54, 'softmax', 0.0001)
([0.09243077775674383, 0.968], 'selu', 14, 93, 'softmax', 0.0001)
([0.036502150594957844, 0.98448], 'selu', 12, 151, 'softmax', 0.0001)
([0.05694125407585965, 0.97512], 'selu', 1, 136, 'softmax', 0.0001)
([0.06092567757508803, 0.97216], 'selu', 11, 106, 'softmax', 0.0001)
([0.03279871835423872, 0.98632], 'selu', 15, 225, 'softmax', 0.0001)
([0.04870303284313091, 0.97968], 'selu', 10, 229, 'softmax', 0.0001)
([0.0398475413409731, 0.98136], 'selu', 15, 196, 'softmax', 0.0001)
([0.06513631930576927, 0.974], 'selu', 6, 121, 'softmax', 0.0001)
([0.05464899969871758, 0.98544], 'selu', 15, 250, 'softmax', 0.0001)
([0.16538534544588046, 0.95272], 'selu', 4, 240, 'softmax', 0.0001)
([0.11754837657995988, 0.9652], 'selu', 5, 261, 'softmax', 0.0001)
([0.09357820885447203, 0.96544], 'selu', 6, 96, 'softmax', 0.0001)
([0.04818903569304332, 0.97976], 'selu', 3, 22, 'softmax', 0.0001)
([0.08406144067221422, 0.96936], 'selu', 9, 172, 'softmax', 0.0001)
([0.04787841753876534, 0.98064], 'selu', 10, 225, 'softmax', 0.0001)
([0.05690190618587525, 0.9724], 'selu', 12, 177, 'softmax', 0.0001)
([0.045540339166543764, 0.98208], 'selu', 8, 202, 'softmax', 0.0001)
([0.13099365610998692, 0.9632], 'selu', 3, 126, 'softmax', 0.0001)
([0.12567868294790852, 0.95456], 'selu', 5, 147, 'softmax', 0.0001)
([0.09312540648252912, 0.9744], 'selu', 4, 171, 'softmax', 0.0001)
([0.03365965635339837, 0.98384], 'selu', 1, 184, 'softmax', 0.0001)
([0.09989036584010033, 0.97056], 'selu', 2, 239, 'softmax', 0.0001)
([0.03987588810864209, 0.98376], 'selu', 11, 74, 'softmax', 0.0001)
([0.03337079062264986, 0.98744], 'selu', 12, 113, 'softmax', 0.0001)
([0.07344297970010707, 0.97264], 'selu', 9, 171, 'softmax', 0.0001)
([0.10617209267685307, 0.96408], 'selu', 6, 94, 'softmax', 0.0001)
([0.050714313209156224, 0.9736], 'selu', 14, 204, 'softmax', 0.0001)
([0.08721541977073276, 0.96872], 'selu', 3, 72, 'softmax', 0.0001)
([0.06000331327486985, 0.97832], 'selu', 15, 18, 'softmax', 0.0001)
([0.031435874307438556, 0.98512], 'selu', 13, 202, 'softmax', 0.0001)
([0.14105087556302276, 0.94064], 'selu', 12, 263, 'softmax', 0.0001)
([0.049983420282575755, 0.9768], 'selu', 1, 114, 'softmax', 0.0001)
([0.04989951996645647, 0.97656], 'selu', 10, 95, 'softmax', 0.0001)
([0.06465302296155895, 0.97248], 'selu', 7, 212, 'softmax', 0.0001)
([0.08196755298647669, 0.96672], 'selu', 8, 25, 'softmax', 0.0001)
([0.06582889668204377, 0.9784], 'selu', 14, 260, 'softmax', 0.0001)
([0.04795910273037922, 0.98152], 'selu', 15, 202, 'softmax', 0.0001)
([0.10743905180225059, 0.95712], 'selu', 10, 196, 'softmax', 0.0001)
([0.07792587132303641, 0.96888], 'selu', 6, 201, 'softmax', 0.0001)
([0.18231214878366248, 0.94688], 'selu', 7, 237, 'softmax', 0.0001)
([0.05688443173657812, 0.97752], 'selu', 7, 178, 'softmax', 0.0001)
([0.16300385013553514, 0.95256], 'selu', 7, 92, 'softmax', 0.0001)
([0.10207324203619075, 0.96936], 'selu', 5, 177, 'softmax', 0.0001)
([0.06856587420746015, 0.97288], 'selu', 2, 228, 'softmax', 0.0001)
([0.07482034002009821, 0.96936], 'selu', 11, 77, 'softmax', 0.0001)
([0.04546042298772712, 0.98304], 'selu', 10, 128, 'softmax', 0.0001)
([0.06649590966068199, 0.96976], 'selu', 15, 117, 'softmax', 0.0001)
([0.16441580315012316, 0.95864], 'selu', 13, 228, 'softmax', 0.0001)
([0.07537986413161285, 0.97552], 'selu', 12, 22, 'softmax', 0.0001)
([0.05955697023238134, 0.978], 'selu', 7, 92, 'softmax', 0.0001)
([0.03026092272803304, 0.98536], 'selu', 11, 52, 'softmax', 0.0001)
([0.08292482306668862, 0.96832], 'selu', 5, 71, 'softmax', 0.0001)
([0.04041448531616769, 0.9804], 'selu', 8, 225, 'softmax', 0.0001)
([0.04387191520273233, 0.98216], 'selu', 12, 225, 'softmax', 0.0001)
([0.1115235839487041, 0.95808], 'selu', 8, 101, 'softmax', 0.0001)
([0.08097890765812013, 0.9704], 'selu', 11, 253, 'softmax', 0.0001)
([0.026198197397296535, 0.99016], 'selu', 5, 13, 'softmax', 0.0001)
([0.10885195465934508, 0.96544], 'selu', 4, 36, 'softmax', 0.0001)
([0.08348155797868943, 0.9644], 'selu', 15, 117, 'softmax', 0.0001)
([0.04083105194033882, 0.98192], 'selu', 5, 126, 'softmax', 0.0001)
([0.04841732792406512, 0.978], 'selu', 1, 203, 'softmax', 0.0001)
([0.07359779542049015, 0.97448], 'selu', 9, 37, 'softmax', 0.0001)
([0.04571882886851634, 0.9804], 'selu', 14, 145, 'softmax', 0.0001)
([0.04086774292979571, 0.98584], 'selu', 13, 42, 'softmax', 0.0001)
([0.051371818615733554, 0.9816], 'selu', 4, 14, 'softmax', 0.0001)
([0.055368160924617243, 0.97992], 'selu', 4, 129, 'softmax', 0.0001)
([0.0464608005926013, 0.9844], 'selu', 0, 256, 'softmax', 0.0001)
([0.07404549685996031, 0.97752], 'selu', 3, 157, 'softmax', 0.0001)
([0.06602861758907917, 0.97024], 'selu', 1, 163, 'softmax', 0.0001)
([0.08253779163508376, 0.97472], 'selu', 4, 151, 'softmax', 0.0001)
([0.04503618300118833, 0.98496], 'selu', 6, 5, 'softmax', 0.0001)
([0.02798161750222169, 0.98744], 'selu', 13, 139, 'softmax', 0.0001)
([0.053741108891310486, 0.98], 'selu', 8, 199, 'softmax', 0.0001)
([0.0609001017963521, 0.97424], 'selu', 10, 32, 'softmax', 0.0001)
([0.06977999791761169, 0.97176], 'selu', 3, 166, 'softmax', 0.0001)
([0.04083088657168526, 0.98416], 'selu', 8, 50, 'softmax', 0.0001)
([0.1256835416709788, 0.95496], 'selu', 7, 74, 'softmax', 0.0001)
([0.03840216689591762, 0.98528], 'selu', 0, 193, 'softmax', 0.0001)
([0.04144689104271718, 0.98104], 'selu', 1, 147, 'softmax', 0.0001)
([0.06383626181741536, 0.97528], 'selu', 2, 165, 'softmax', 0.0001)
([0.04463973933176965, 0.982], 'selu', 6, 127, 'softmax', 0.0001)
([0.1147853661351424, 0.96256], 'selu', 6, 83, 'softmax', 0.0001)
([0.04441241228477913, 0.9808], 'selu', 15, 71, 'softmax', 0.0001)
([0.03832294033651021, 0.98312], 'selu', 8, 167, 'softmax', 0.0001)
([0.038519036721851446, 0.9832], 'selu', 11, 85, 'softmax', 0.0001)
([0.059199923495261465, 0.97936], 'selu', 15, 87, 'softmax', 0.0001)
([0.03887444119164064, 0.98696], 'selu', 10, 250, 'softmax', 0.0001)
([0.07314781461151103, 0.97296], 'selu', 2, 124, 'softmax', 0.0001)
([0.08862743037582091, 0.9632], 'selu', 7, 120, 'softmax', 0.0001)
([0.04744785252416898, 0.98168], 'selu', 15, 167, 'softmax', 0.0001)
([0.11228903597554937, 0.96096], 'selu', 6, 82, 'softmax', 0.0001)
([0.10385046199346126, 0.96368], 'selu', 3, 129, 'softmax', 0.0001)
([0.07288414722882587, 0.96896], 'selu', 14, 140, 'softmax', 0.0001)
([0.11520550147494633, 0.96552], 'selu', 3, 191, 'softmax', 0.0001)
([0.07020745892418773, 0.978], 'selu', 15, 168, 'softmax', 0.0001)
([0.05288399335852708, 0.9788], 'selu', 0, 120, 'softmax', 0.0001)
([0.06899117727828058, 0.97024], 'selu', 10, 58, 'softmax', 0.0001)
([0.06404637052773648, 0.97168], 'selu', 15, 141, 'softmax', 0.0001)
([0.06651926429553559, 0.97456], 'selu', 6, 76, 'softmax', 0.0001)
([0.09811898582327491, 0.96528], 'selu', 8, 211, 'softmax', 0.0001)
([0.08256250444648945, 0.96992], 'selu', 12, 258, 'softmax', 0.0001)
([0.0456919937174022, 0.97976], 'selu', 1, 237, 'softmax', 0.0001)
([0.11241859774843839, 0.96432], 'selu', 15, 178, 'softmax', 0.0001)
([0.054305523758295456, 0.9804], 'selu', 0, 245, 'softmax', 0.0001)
([0.07122483837389058, 0.96984], 'selu', 14, 167, 'softmax', 0.0001)
([0.04823734186834272, 0.97936], 'selu', 1, 110, 'softmax', 0.0001)
([0.0375715772054185, 0.986], 'selu', 14, 137, 'softmax', 0.0001)
([0.09213156893713398, 0.96928], 'selu', 6, 91, 'softmax', 0.0001)
([0.03479765234738616, 0.98384], 'selu', 8, 84, 'softmax', 0.0001)
([0.04150996215980558, 0.98648], 'selu', 0, 102, 'softmax', 0.0001)
([0.03609392138768517, 0.98456], 'selu', 3, 48, 'softmax', 0.0001)
([0.06132467187814133, 0.9736], 'selu', 7, 86, 'softmax', 0.0001)
([0.03331910344421433, 0.98728], 'selu', 12, 205, 'softmax', 0.0001)
([0.06040161088544248, 0.97848], 'selu', 10, 143, 'softmax', 0.0001)
([0.05855944115827326, 0.98056], 'selu', 10, 5, 'softmax', 0.0001)
([0.09095839093250796, 0.9664], 'selu', 14, 198, 'softmax', 0.0001)
([0.07052357147342458, 0.97632], 'selu', 8, 225, 'softmax', 0.0001)
([0.06029184938308272, 0.97624], 'selu', 15, 123, 'softmax', 0.0001)
([0.09121247889141622, 0.96768], 'selu', 8, 34, 'softmax', 0.0001)
([0.041788935890148114, 0.98712], 'selu', 9, 207, 'softmax', 0.0001)
([0.10079357273456763, 0.96584], 'selu', 4, 70, 'softmax', 0.0001)
([0.06448879746800862, 0.97264], 'selu', 1, 173, 'softmax', 0.0001)
([0.04262997327214018, 0.9836], 'selu', 9, 183, 'softmax', 0.0001)
([0.07691642620095254, 0.97752], 'selu', 9, 243, 'softmax', 0.0001)
([0.06415549781364394, 0.97008], 'selu', 14, 117, 'softmax', 0.0001)
([0.03154031844218631, 0.98712], 'selu', 10, 202, 'softmax', 0.0001)
([0.049294631725438215, 0.97656], 'selu', 15, 85, 'softmax', 0.0001)
([0.21754137738368765, 0.94592], 'selu', 5, 258, 'softmax', 0.0001)
([0.05707542964166807, 0.97088], 'selu', 10, 160, 'softmax', 0.0001)
([0.12841789083469446, 0.95816], 'selu', 3, 216, 'softmax', 0.0001)
([0.10224457400352686, 0.97032], 'selu', 5, 229, 'softmax', 0.0001)
([0.03739479772879879, 0.98472], 'selu', 11, 96, 'softmax', 0.0001)
([0.04584297001310528, 0.98016], 'selu', 1, 180, 'softmax', 0.0001)
([0.03362530995212625, 0.9852], 'selu', 12, 161, 'softmax', 0.0001)
([0.0410995398101501, 0.98248], 'selu', 15, 110, 'softmax', 0.0001)
([0.06038209219050564, 0.97512], 'selu', 9, 77, 'softmax', 0.0001)
([0.06181020971426651, 0.97384], 'selu', 4, 249, 'softmax', 0.0001)
([0.05429043490589762, 0.97472], 'selu', 1, 176, 'softmax', 0.0001)
([0.050695001215222295, 0.98024], 'selu', 11, 7, 'softmax', 0.0001)
([0.046376779411475326, 0.9788], 'selu', 5, 48, 'softmax', 0.0001)
([0.06490709013234212, 0.97368], 'selu', 7, 56, 'softmax', 0.0001)
([0.038786036097013914, 0.98272], 'selu', 11, 237, 'softmax', 0.0001)
([0.04477280410066092, 0.98712], 'selu', 15, 105, 'softmax', 0.0001)
([0.022193450367351816, 0.99168], 'selu', 6, 16, 'softmax', 0.0001)
([0.10468993451093407, 0.96472], 'selu', 4, 62, 'softmax', 0.0001)
([0.05905523461988017, 0.97512], 'selu', 9, 30, 'softmax', 0.0001)
([0.07252700095649135, 0.97232], 'selu', 14, 90, 'softmax', 0.0001)
([0.03264972286542357, 0.98584], 'selu', 13, 107, 'softmax', 0.0001)
([0.09805578490274873, 0.964], 'selu', 2, 179, 'softmax', 0.0001)
([0.05022261581747027, 0.9784], 'selu', 6, 72, 'softmax', 0.0001)
([0.10892453872509031, 0.95904], 'selu', 2, 117, 'softmax', 0.0001)
([0.05355474902351174, 0.97648], 'selu', 6, 208, 'softmax', 0.0001)
([0.05826589385935184, 0.97592], 'selu', 6, 224, 'softmax', 0.0001)
([0.03550532840969421, 0.9848], 'selu', 8, 81, 'softmax', 0.0001)
([0.03650027882371273, 0.9848], 'selu', 4, 13, 'softmax', 0.0001)
([0.08655092935360795, 0.97216], 'selu', 3, 7, 'softmax', 0.0001)
([0.04972715349452612, 0.9792], 'selu', 9, 155, 'softmax', 0.0001)
([0.03569301315725889, 0.98352], 'selu', 12, 123, 'softmax', 0.0001)
([0.05658794502937235, 0.9756], 'selu', 13, 151, 'softmax', 0.0001)
([0.06884490920701382, 0.9744], 'selu', 4, 105, 'softmax', 0.0001)
([0.07300285969126409, 0.96936], 'selu', 13, 95, 'softmax', 0.0001)
([0.06062332949609787, 0.9732], 'selu', 6, 85, 'softmax', 0.0001)
([0.05829047296218589, 0.9748], 'selu', 2, 236, 'softmax', 0.0001)
([0.057221414168056144, 0.97736], 'selu', 4, 38, 'softmax', 0.0001)
([0.06573622090001345, 0.97168], 'selu', 6, 52, 'softmax', 0.0001)
([0.04553927898459253, 0.98048], 'selu', 14, 55, 'softmax', 0.0001)
([0.048090994024210756, 0.97736], 'selu', 3, 87, 'softmax', 0.0001)
([0.15632941749051582, 0.95704], 'selu', 4, 118, 'softmax', 0.0001)
([0.1470093610081004, 0.95376], 'selu', 4, 212, 'softmax', 0.0001)
([0.07637422857561081, 0.96704], 'selu', 6, 30, 'softmax', 0.0001)
([0.08637554846682079, 0.96776], 'selu', 8, 37, 'softmax', 0.0001)
([0.06500685029143702, 0.97424], 'selu', 2, 64, 'softmax', 0.0001)
([0.10157339895348055, 0.96296], 'selu', 5, 95, 'softmax', 0.0001)
([0.03689469747331632, 0.98544], 'selu', 15, 124, 'softmax', 0.0001)
([0.0404090741113587, 0.98344], 'selu', 11, 163, 'softmax', 0.0001)
([0.1351636422616945, 0.96256], 'selu', 5, 223, 'softmax', 0.0001)
([0.18812035187363624, 0.90608], 'selu', 2, 3, 'softmax', 0.0001)
([0.057991904837152795, 0.97272], 'selu', 6, 73, 'softmax', 0.0001)
([0.04404732524495688, 0.97896], 'selu', 13, 33, 'softmax', 0.0001)
([0.0645718966639746, 0.9756], 'selu', 7, 205, 'softmax', 0.0001)
([0.05146613578688017, 0.97488], 'selu', 11, 137, 'softmax', 0.0001)
([0.04275579682056519, 0.98008], 'selu', 2, 44, 'softmax', 0.0001)
([0.08618159114057043, 0.96704], 'selu', 7, 48, 'softmax', 0.0001)
([0.06509633401379447, 0.9728], 'selu', 2, 210, 'softmax', 0.0001)
([0.05425983456936976, 0.98072], 'selu', 14, 189, 'softmax', 0.0001)
([0.09538176207691298, 0.972], 'selu', 6, 260, 'softmax', 0.0001)
([0.05799288573606929, 0.97344], 'selu', 0, 159, 'softmax', 0.0001)
([0.05525515932565102, 0.97624], 'selu', 5, 46, 'softmax', 0.0001)
([0.04904060704202391, 0.97992], 'selu', 5, 22, 'softmax', 0.0001)
([0.08915993731529537, 0.96064], 'selu', 9, 216, 'softmax', 0.0001)
([0.05563986521701056, 0.97472], 'selu', 12, 13, 'softmax', 0.0001)
([0.09320637359209243, 0.96144], 'selu', 7, 99, 'softmax', 0.0001)
([0.20101186823118783, 0.94872], 'selu', 5, 142, 'softmax', 0.0001)
([0.041304138961196876, 0.98328], 'selu', 12, 12, 'softmax', 0.0001)
([0.04831992520501508, 0.97848], 'selu', 7, 132, 'softmax', 0.0001)
([0.05573643980387831, 0.97336], 'selu', 10, 51, 'softmax', 0.0001)
([0.03164629428547587, 0.98656], 'selu', 10, 112, 'softmax', 0.0001)
([0.08054375123127555, 0.96832], 'selu', 3, 93, 'softmax', 0.0001)
([0.10640689298136811, 0.96128], 'selu', 2, 224, 'softmax', 0.0001)
([0.16144103811556473, 0.9484], 'selu', 11, 7, 'softmax', 0.0001)
([0.04735667967884801, 0.98096], 'selu', 0, 163, 'softmax', 0.0001)
([0.06931587976240298, 0.9668], 'selu', 15, 92, 'softmax', 0.0001)
([0.14360603531800797, 0.89768], 'selu', 13, 3, 'softmax', 0.0001)
([0.0464866589719766, 0.984], 'selu', 13, 53, 'softmax', 0.0001)
([0.04669136884931724, 0.98352], 'selu', 12, 48, 'softmax', 0.0001)
([0.04188731248009104, 0.98064], 'selu', 11, 243, 'softmax', 0.0001)
([0.06315683453812386, 0.97384], 'selu', 8, 42, 'softmax', 0.0001)
([0.07085274309864534, 0.97128], 'selu', 2, 90, 'softmax', 0.0001)
([0.051682593784608745, 0.98472], 'selu', 14, 223, 'softmax', 0.0001)
([0.09396272766148388, 0.96408], 'selu', 6, 166, 'softmax', 0.0001)
([0.04371942434072529, 0.98192], 'selu', 14, 106, 'softmax', 0.0001)
([0.0904755235969316, 0.96664], 'selu', 6, 112, 'softmax', 0.0001)
([0.06763209742113331, 0.9716], 'selu', 3, 46, 'softmax', 0.0001)
([0.03485712868456525, 0.98584], 'selu', 10, 19, 'softmax', 0.0001)
([0.033757351806261125, 0.98504], 'selu', 12, 156, 'softmax', 0.0001)
([0.06152187984532944, 0.97088], 'selu', 9, 144, 'softmax', 0.0001)
([0.05855368973348739, 0.97992], 'selu', 12, 234, 'softmax', 0.0001)
([0.19947513212988896, 0.942], 'selu', 7, 59, 'softmax', 0.0001)
([0.10172247008803066, 0.9436], 'selu', 15, 219, 'softmax', 0.0001)
([0.03957149446044894, 0.9844], 'selu', 15, 95, 'softmax', 0.0001)
([0.04085560459631014, 0.98232], 'selu', 15, 147, 'softmax', 0.0001)
([0.07896517061023026, 0.97728], 'selu', 5, 203, 'softmax', 0.0001)
([0.1664310978064552, 0.94432], 'selu', 8, 74, 'softmax', 0.0001)
([0.04434322060142991, 0.9832], 'selu', 14, 136, 'softmax', 0.0001)
([0.04884989631628012, 0.97776], 'selu', 14, 115, 'softmax', 0.0001)
([0.05919411387532169, 0.97944], 'selu', 6, 145, 'softmax', 0.0001)
([0.15779972213044763, 0.92704], 'selu', 3, 2, 'softmax', 0.0001)
([0.10319264883850096, 0.95984], 'selu', 9, 216, 'softmax', 0.0001)
([0.10645822809176415, 0.9644], 'selu', 9, 46, 'softmax', 0.0001)
([0.08417505401844004, 0.97576], 'selu', 15, 126, 'softmax', 0.0001)
([0.022371864142327103, 0.99096], 'selu', 11, 40, 'softmax', 0.0001)
([0.09375717231830703, 0.96744], 'selu', 2, 177, 'softmax', 0.0001)
([0.12358828274288171, 0.9536], 'selu', 8, 51, 'softmax', 0.0001)
([0.19138095547422598, 0.94264], 'selu', 7, 238, 'softmax', 0.0001)
([0.123725228144798, 0.9616], 'selu', 4, 187, 'softmax', 0.0001)
([0.12545874935466708, 0.96432], 'selu', 3, 196, 'softmax', 0.0001)
([0.05964750812192722, 0.97576], 'selu', 14, 226, 'softmax', 0.0001)
([0.11738448815034785, 0.95288], 'selu', 13, 227, 'softmax', 0.0001)
([0.05347781472939693, 0.97576], 'selu', 1, 122, 'softmax', 0.0001)
([0.04206644059579121, 0.98624], 'selu', 0, 193, 'softmax', 0.0001)
([0.034727053319760295, 0.98584], 'selu', 9, 201, 'softmax', 0.0001)
([0.19342275294337422, 0.93584], 'selu', 12, 1, 'softmax', 0.0001)
([0.06826855603387563, 0.97432], 'selu', 7, 254, 'softmax', 0.0001)
([0.03828875871650787, 0.9836], 'selu', 14, 27, 'softmax', 0.0001)
([0.12863887573862504, 0.96368], 'selu', 3, 242, 'softmax', 0.0001)
([0.07272982803323248, 0.96608], 'selu', 12, 131, 'softmax', 0.0001)
([0.058938509407223456, 0.97312], 'selu', 1, 64, 'softmax', 0.0001)
([0.04741665292956139, 0.98144], 'selu', 14, 113, 'softmax', 0.0001)
([0.08116746211341813, 0.97544], 'selu', 13, 130, 'softmax', 0.0001)
([0.039136123312737095, 0.98296], 'selu', 13, 191, 'softmax', 0.0001)
([0.06891164786548963, 0.97304], 'selu', 2, 161, 'softmax', 0.0001)
([0.09846281694639411, 0.96584], 'selu', 5, 72, 'softmax', 0.0001)
([0.10618758597187349, 0.95656], 'selu', 6, 180, 'softmax', 0.0001)
([0.04528596237231866, 0.98088], 'selu', 7, 215, 'softmax', 0.0001)
([0.11133904710537262, 0.958], 'selu', 3, 118, 'softmax', 0.0001)
([0.0858501458786607, 0.96776], 'selu', 5, 38, 'softmax', 0.0001)
([0.026149283800523105, 0.98976], 'selu', 7, 255, 'softmax', 0.0001)
([0.03500588902787937, 0.98688], 'selu', 14, 185, 'softmax', 0.0001)
([0.06203451606069377, 0.9732], 'selu', 7, 126, 'softmax', 0.0001)
([0.034179665591461815, 0.98712], 'selu', 0, 82, 'softmax', 0.0001)
([0.03509704387881624, 0.984], 'selu', 13, 147, 'softmax', 0.0001)
([0.06260263966315206, 0.98192], 'selu', 12, 200, 'softmax', 0.0001)
([0.04736236214626975, 0.97992], 'selu', 2, 256, 'softmax', 0.0001)
([0.1993990140971035, 0.89032], 'selu', 5, 3, 'softmax', 0.0001)
([0.13250514154108153, 0.9556], 'selu', 5, 100, 'softmax', 0.0001)
([0.06397908230616127, 0.97352], 'selu', 6, 233, 'softmax', 0.0001)
([0.08687212042093981, 0.96792], 'selu', 6, 96, 'softmax', 0.0001)
([0.0658174367534698, 0.97416], 'selu', 6, 86, 'softmax', 0.0001)
([0.06487334839913701, 0.9748], 'selu', 12, 156, 'softmax', 0.0001)
([0.05004358022345759, 0.9788], 'selu', 14, 157, 'softmax', 0.0001)
([0.07988696093670634, 0.97], 'selu', 2, 260, 'softmax', 0.0001)
([0.05025369804774555, 0.97544], 'selu', 9, 145, 'softmax', 0.0001)
([0.05014332687475864, 0.98344], 'selu', 11, 7, 'softmax', 0.0001)
([0.1348626538282328, 0.9524], 'selu', 12, 237, 'softmax', 0.0001)
([0.17056303755394708, 0.93696], 'selu', 12, 23, 'softmax', 0.0001)
([0.07069221628466685, 0.96824], 'selu', 9, 155, 'softmax', 0.0001)
([0.04023731377842973, 0.98232], 'selu', 13, 152, 'softmax', 0.0001)
([0.07127004136788317, 0.97416], 'selu', 2, 229, 'softmax', 0.0001)
([0.049854941956020755, 0.97896], 'selu', 9, 248, 'softmax', 0.0001)
([0.11510978446711168, 0.95544], 'selu', 6, 193, 'softmax', 0.0001)